i,r1,l1,r2,l2,cyl1_primitive,cyl2_primitive,algoPath,minD,p1x,p1y,p1z,p2x,p2y,p2z,q0,q1,q2,q3,R_temp[0][0],R_temp[0][1],R_temp[0][2],O2x,R_temp[1][0],R_temp[1][1],R_temp[1][2],O2y,R_temp[2][0],R_temp[2][1],R_temp[2][2],O2z,kvec[0],kvec[1],kvec[2],kphi
10000,4.20094,3.9155,6.97191,3.9922,3,6,B4aXX,0,1.21804,-0.589872,4.35207e-14,1.21804,-0.589872,8.88178e-16,0.950971,0.307997,0.0208288,-0.0189223,0.998416,0.0488195,0.0279593,4.93835,-0.0231586,0.80956,-0.58658,-2.90061,-0.0512712,0.585004,0.809408,-6.73536,0.995852,0.0673463,-0.0611817,0.628871
10001,1.82392,4.76115,7.567,4.58098,1,1,AXXXX,0,-0.47883,1.75995,2.36841,-0.47883,1.75995,2.36841,0.920246,0.260583,-0.014272,0.291618,0.829511,-0.544158,0.125713,6.71602,0.529282,0.694112,-0.487924,4.16351,0.178248,0.471276,0.863786,1.45566,0.665871,-0.0364694,0.745175,0.804177
10002,0.783395,0.648952,7.00472,0.544044,5,5,C4b3b,6.75231,0.510494,0.594226,1.77636e-15,2.68457,3.1249,-5.8705,0.965837,0.201068,-0.157698,-0.0431561,0.946538,0.0199475,-0.321976,5.59989,-0.14678,0.915418,-0.374787,-1.05259,0.287266,0.402009,0.869406,-7.21745,0.775871,-0.608516,-0.166529,0.524287
10003,2.46791,1.46258,9.86388,3.85679,5,5,C4b4b,0.209271,0.590509,2.39623,1.3739e-15,0.628649,2.551,-0.135595,0.896268,0.38633,-0.163647,0.143777,0.905095,-0.384169,-0.182254,6.9909,0.131282,0.660155,-0.739567,6.36952,0.404435,0.645453,0.647938,0.0601212,0.871069,-0.368981,0.324178,0.919026
10004,0.348776,2.62998,9.74664,0.430279,5,5,C4b4b,1.94449,0.329334,0.114821,-8.88178e-16,0.352523,0.122906,-1.94434,0.999502,0.0018936,-0.00602408,0.0309041,0.998017,-0.0618003,-0.0119251,6.16136,0.0617547,0.998083,-0.00415766,1.49565,0.0121592,0.00341298,0.99992,-2.29967,0.060033,-0.190982,0.979756,0.0630958
10005,1.1914,4.51104,9.85317,4.2546,5,5,C24bX,-2.24471,1.19071,0.0405557,0,-1.05244,-0.0358461,0.0341713,0.999807,0.0178316,0.00822473,-0.000273081,0.999865,0.000839377,0.0164365,8.7909,-0.000252736,0.999364,-0.0356608,0.305993,-0.016456,0.0356518,0.999229,-0.297187,0.907973,0.418798,-0.0139051,0.0392803
10006,2.18819,4.65405,9.65918,3.60476,5,5,C4b3b,1.09377,2.04823,0.770003,3.33067e-16,2.77959,1.04495,-0.765404,0.904736,0.203446,-0.329721,-0.177052,0.719873,0.18621,-0.668662,5.41089,-0.454531,0.854525,-0.251373,3.06484,0.52458,0.484884,0.699788,-2.6768,0.477601,-0.774041,-0.41564,0.880075
10007,4.14601,1.14484,6.65169,4.46686,5,4,C24aX,-1.98779,3.79213,1.67605,1.14484,2.35428,1.04055,2.36141,0.89517,0.238861,0.34645,0.146933,0.716766,-0.0975526,0.690456,7.01149,0.428566,0.842713,-0.325832,3.23989,-0.550071,0.529452,0.645835,-1.85381,0.535892,0.777272,0.329648,0.92397
10008,1.99218,3.42109,9.07383,4.55486,2,5,B2XXX,-1.21027,0.467978,-0.626401,3.26116,1.19234,-1.59597,3.26116,0.976768,0.102442,0.0806821,-0.170062,0.929138,0.348753,0.122772,5.79086,-0.315693,0.921169,-0.227566,-7.5994,-0.192458,0.172682,0.965992,0.941972,0.478026,0.376489,-0.793566,0.431953
10009,3.09798,3.93001,6.4053,1.53729,6,2,B2XXX,-2.19519,1.83796,-2.49387,3.93001,0.78186,-1.06088,5.21455,0.898962,0.415612,-0.137655,-0.0136079,0.961732,-0.0899559,-0.258804,4.0041,-0.138888,0.654164,-0.743492,-4.83807,0.236182,0.750985,0.616636,1.13125,0.948828,-0.314261,-0.0310663,0.906804
10010,0.515856,2.47722,5.63038,3.80238,5,6,C4b4b,3.27927,-0.203254,-0.474126,2.47722,-0.488803,-1.14022,5.6754,0.993264,0.103577,-0.0404344,-0.0325987,0.994605,0.056382,-0.0870771,2.28407,-0.0731344,0.976418,-0.203123,1.21578,0.0735712,0.208395,0.975274,6.41367,0.893909,-0.348964,-0.281338,0.232262
10011,2.92244,0.761949,6.22206,3.66074,5,5,C4c4c,1.61532,0.243046,2.91232,0,0.263128,3.15296,-1.59717,0.966189,0.0740451,0.054762,-0.240827,0.878007,0.473479,0.0701568,6.01855,-0.45726,0.873039,-0.169459,2.32224,-0.141485,0.116707,0.983037,-5.87504,0.287179,0.212391,-0.934033,0.521563
10012,0.881053,3.98899,6.20031,3.66327,5,6,C24cX,1.03884,0.224586,0.851948,3.98899,0.489228,1.85585,4.02558,0.999235,0.015398,-0.00994941,0.0345427,0.997416,-0.0693389,-0.0188198,2.08615,0.0687261,0.997139,-0.0314598,7.87671,0.0209474,0.0300851,0.999328,3.31996,0.39375,-0.254421,0.883307,0.0782321
10013,0.349532,2.3071,6.02328,4.09839,3,2,C4c1X,-0.349532,-1.77636e-15,-4.44089e-16,0.208626,0,4.44089e-16,0.208626,0.998033,0.0360681,-0.00723744,-0.0507655,0.994741,0.100809,-0.0181084,4.44278,-0.101853,0.992244,-0.0712595,3.67021,0.0107844,0.0727291,0.997293,0.551543,0.575312,-0.115442,-0.809746,0.125468
10014,4.98899,4.3527,5.27029,0.361644,3,6,B4bXX,1.57504,2.3142,3.60383,-1.57504,2.3142,3.60383,-8.88178e-16,0.917182,0.367675,-0.0722066,0.135571,0.952813,-0.301784,-0.032761,2.14732,0.19559,0.692872,-0.694027,0.0686318,0.232145,0.654871,0.719203,-5.49693,0.922717,-0.18121,0.34023,0.819695
10015,1.79548,2.89715,7.76243,2.26288,5,3,C24aX,-0.53704,0.615025,-1.68686,0,0.458145,-1.25658,0.280462,0.905259,0.0697453,0.331619,-0.256263,0.648717,0.510226,0.564655,2.58751,-0.41771,0.85893,-0.296238,-7.4034,-0.636148,-0.0436876,0.770329,-3.96188,0.164161,0.780537,-0.60317,0.877614
10016,3.73905,0.177105,8.14455,3.73901,6,5,B4cXX,1.20413,3.65084,-0.807365,0.177105,3.89442,-0.861232,1.35511,0.881485,0.372859,0.0585002,0.283792,0.83208,-0.456692,0.314763,3.2719,0.543941,0.560877,-0.624135,5.11922,0.108494,0.690543,0.715108,6.84877,0.789601,0.123886,0.600984,0.983596
10017,3.3344,0.81984,7.48629,4.15006,5,5,C4b4b,0,0.863946,3.22053,0,0.863946,3.22053,-1.55431e-15,0.987476,0.100112,-0.11584,-0.0380854,0.970261,0.0520228,-0.236404,1.42861,-0.0984108,0.977054,-0.188893,-2.77673,0.221153,0.20654,0.953117,-5.4027,0.634538,-0.734227,-0.241396,0.316867
10018,1.64389,0.370805,6.15714,3.16536,5,2,C4c2X,1.56296,1.60809,0.341175,0.151846,3.13702,0.665553,0.151846,0.998396,0.056481,0.00284459,-0.00254911,0.999971,0.00541138,0.00539211,9.14462,-0.00476872,0.993607,-0.112795,2.28807,-0.00596802,0.112766,0.993604,-2.8823,0.997721,0.050249,-0.0450294,0.113281
10019,2.35742,4.72159,7.9627,2.25459,5,5,C4b3b,0.0282515,-0.423504,2.31906,-4.44089e-16,-0.424672,2.32546,-0.0274922,0.99317,0.113748,0.0223471,-0.0132733,0.998649,0.0314492,0.0413694,2.82629,-0.0212815,0.973771,-0.226535,3.50731,-0.0474086,0.225348,0.973124,-2.20743,0.974873,0.191526,-0.113759,0.233892
10020,3.37738,2.40968,7.41475,1.52478,1,1,AXXXX,0,-3.054,-1.44214,1.72205,-3.054,-1.44214,1.72205,0.949606,0.272457,0.146667,-0.0500478,0.951968,0.174972,0.25128,2.70988,-0.0151307,0.846525,-0.532134,-3.75152,-0.305823,0.502772,0.808512,-2.38068,0.869229,0.467917,-0.15967,0.63764
10021,1.73558,3.04553,5.92311,3.13579,5,2,C4c2X,-1.36992,1.42678,-0.988193,2.13111,0.300598,-0.208195,2.13111,0.991738,0.113576,0.0220547,0.0554027,0.992888,-0.10488,0.0563297,5.00926,0.1149,0.968062,-0.222831,-2.70157,-0.0311601,0.227719,0.973228,-1.93435,0.885386,0.171928,0.431894,0.257265
10022,2.6622,1.30248,5.43822,4.38692,5,3,C24bX,-1.29287,0.80494,-2.5376,0,0.43006,-1.35578,0.366427,0.989594,0.140761,0.0294537,0.00473132,0.99822,-0.00107229,0.0596264,1.88942,0.0176561,0.960328,-0.278315,-5.7784,-0.0569624,0.278872,0.958637,-3.06418,0.978272,0.204699,0.032882,0.288778
10023,3.87884,1.64821,6.4419,0.948755,5,3,C4b3b,0.919122,0.185092,2.03907,0,0.185092,2.03907,-0.919122,0.89629,0.428415,-0.0613023,0.0967859,0.973749,-0.226022,-0.0269603,0.0714706,0.120971,0.614187,-0.779834,-1.24745,0.192818,0.756101,0.625406,-6.53909,0.966054,-0.138234,0.218247,0.91893
10024,3.82436,0.605716,8.49538,3.42893,5,5,C4b4b,1.08412,2.84572,2.55491,0,3.15326,2.83102,-1.00225,0.962691,0.155164,-0.116982,-0.188325,0.901698,0.326295,-0.283677,6.99734,-0.3989,0.880916,-0.254688,5.97822,0.166793,0.34281,0.924479,-2.6647,0.573396,-0.432299,-0.695942,0.548042
10025,1.48644,4.54821,9.52466,4.36989,5,6,C4b3b,0,-1.48381,-0.0885021,4.54821,-1.48381,-0.0885021,4.54821,0.911257,0.410036,-0.0200488,-0.0328583,0.997037,0.0434432,-0.0634853,6.29041,-0.0763261,0.661581,-0.745979,0.998047,0.00959298,0.748614,0.662937,-0.0763639,0.995623,-0.0486811,-0.0797843,0.848942
10026,2.47989,0.902106,6.45527,3.42089,5,3,C24bX,-1.8931,1.16894,-2.1871,0,0.293828,-0.549755,0.37029,0.993848,0.0912874,0.0368064,0.0507798,0.992133,-0.0942149,0.082431,3.02349,0.107655,0.978176,-0.177713,-5.58449,-0.0638887,0.18519,0.980624,-3.91854,0.824228,0.332322,0.458488,0.221966
10027,2.49263,0.691192,5.60629,1.80221,5,5,C4c4c,2.45757,-1.21006,2.17921,0,-1.51751,2.7329,-2.37456,0.986007,0.105754,0.0760358,0.104042,0.966787,-0.189091,0.171949,2.74986,0.221255,0.955982,-0.192727,6.31295,-0.127938,0.22437,0.966069,-4.28541,0.634383,0.456113,0.624115,0.334972
10028,1.97164,3.04441,8.29416,1.29453,5,6,C4b4b,4.15195,-1.16765,-1.58869,3.04441,-1.3812,-1.87925,7.18067,0.998962,0.0346687,-0.0262175,0.0136492,0.998253,-0.0290879,-0.0514342,1.77833,0.0254522,0.997224,-0.0699811,-3.52458,0.053327,0.0685497,0.996221,7.22822,0.760971,-0.575469,0.299597,0.0911486
10029,2.13664,2.91785,9.67247,1.32731,3,2,C4b1X,-2.13664,-8.88178e-16,-8.88178e-16,0.954375,-8.88178e-16,0,0.954375,0.994605,0.0989097,0.0147847,0.0275535,0.998044,-0.051885,0.0348605,4.371,0.0577344,0.978915,-0.195937,3.48422,-0.0239593,0.197567,0.979997,1.49551,0.953486,0.142524,0.265615,0.207844
10030,2.7878,4.1497,7.131,1.97194,5,6,C24cX,-2.44351,2.53125,-1.16818,4.1497,0.31378,-0.14481,4.2291,0.997686,0.0577421,-0.00667368,-0.0352598,0.997424,0.0695857,-0.0173884,6.79553,-0.0711271,0.990845,-0.114746,-3.06252,0.00924453,0.115688,0.993243,3.40167,0.849337,-0.0981642,-0.518642,0.136075
10031,2.05394,3.91641,5.02704,3.87193,5,6,C4b4b,3.70862,0.0974063,-2.05163,3.91641,0.209354,-4.40954,6.77676,0.938009,0.33799,-0.0112886,0.0759836,0.988198,-0.150177,0.0301858,2.90212,0.134916,0.759978,-0.635792,-6.249,0.072541,0.632361,0.77127,5.15502,0.975132,-0.0325686,0.219219,0.707909
10032,1.05441,4.32591,7.36947,0.469598,5,2,C4b2X,-0.810533,1.04522,-0.138968,3.49425,0.241754,-0.0321427,3.49425,0.999643,0.0102801,-0.0161482,-0.0186245,0.998785,0.0369036,-0.0326679,7.55835,-0.0375676,0.999095,-0.0199513,-0.99885,0.031902,0.0211543,0.999267,3.2442,0.384906,-0.604622,-0.697337,0.0534223
10033,2.28858,3.46038,8.90434,2.2128,5,5,C4b4b,0.160113,1.14259,1.98295,-3.88578e-16,1.20441,2.09023,-0.101518,0.902885,0.380296,-0.195845,-0.0426323,0.919654,-0.0719745,-0.386078,7.49987,-0.225943,0.707114,-0.670029,0.526617,0.321226,0.703427,0.634039,-1.41047,0.884654,-0.45558,-0.0991721,0.888723
10034,2.38292,3.04865,5.8491,2.62874,5,2,C4c2X,0.800334,2.33667,0.467217,2.95147,3.12147,0.624138,2.95147,0.996405,0.0247549,-0.0169121,0.0792412,0.98687,-0.15875,-0.0297793,8.93291,0.157075,0.986216,-0.0520121,1.89659,0.0376258,0.0466516,0.998202,0.557672,0.292186,-0.199616,0.935297,0.16965
10035,2.40867,4.13385,6.12745,1.45414,5,5,C4c4c,2.63338,2.34468,0.551506,0,3.99712,0.940186,-2.01322,0.92524,0.0412641,-0.346378,-0.149166,0.715543,0.247442,-0.653276,4.4043,-0.304614,0.952094,0.0269771,6.96578,0.628655,0.179694,0.756639,-3.79834,0.108767,-0.913005,-0.393181,0.778257
10036,3.12982,1.54078,9.18052,1.10505,5,3,C24aX,-3.92552,3.11174,0.33593,0,-0.744416,-0.080364,0.605357,0.979948,0.165833,0.0788356,0.0773661,0.975599,-0.125482,0.180169,8.07738,0.177777,0.933028,-0.312817,1.23439,-0.12885,0.337214,0.932569,-1.8275,0.83228,0.395659,0.388284,0.401188
10037,1.57829,1.15498,7.17004,1.92874,5,6,C4b4b,0.36946,-0.501512,-1.49649,1.15498,-0.579446,-1.72904,1.43129,0.932795,0.328449,-0.134855,0.0618723,0.955972,-0.204015,-0.210941,2.27104,0.0268422,0.776586,-0.629439,-4.5344,0.292229,0.596064,0.74787,-0.125824,0.911329,-0.374175,0.171674,0.737408
10038,1.30222,2.76158,8.24829,4.59795,5,6,C23bX,-4.05001,0.617404,1.14656,2.76158,-1.19737,-2.22359,1.43823,0.91229,0.00737727,-0.382229,-0.146878,0.664655,0.262352,-0.699575,4.28698,-0.273631,0.956745,0.0988219,4.38747,0.695241,0.125743,0.707693,2.32426,0.0180133,-0.933303,-0.358638,0.84391
10039,3.09223,2.59257,8.21346,2.00355,5,5,C4b4b,1.56086,2.67057,1.55883,0,3.07501,1.7949,-1.48896,0.941797,0.03312,-0.14811,0.299976,0.776156,-0.574843,-0.259109,6.99033,0.555221,0.817835,-0.151243,4.10462,0.29885,-0.0264742,0.953933,-2.15957,0.0985179,-0.440564,0.892299,0.685722
10040,0.938082,3.50151,8.09479,2.83916,5,6,C4b3b,2.39578,0.799698,-0.490388,3.50151,1.44743,-0.887591,5.77361,0.98547,0.0915029,0.132059,0.0551048,0.959048,-0.0844406,0.270365,0.108032,0.132776,0.977181,-0.165793,-0.0212949,-0.250196,0.194901,0.948375,6.30689,0.538728,0.777506,0.324432,0.341354
10041,3.3367,3.26652,9.39505,1.56615,5,5,C4b3b,2.65485,-1.06174,3.16327,8.88178e-16,-1.21217,3.61147,-2.61241,0.995438,0.0856546,0.0255932,0.0333383,0.996467,-0.0619881,0.056664,3.98541,0.0707568,0.983104,-0.168821,-2.9803,-0.0452417,0.172234,0.984017,-5.6342,0.897748,0.268243,0.34942,0.191112
10042,1.97261,4.34462,8.53033,2.73699,6,5,B4bXX,0.339587,2.04108,-0.676726,4.63398,1.87238,-0.620792,4.34462,0.962076,0.0913121,0.256149,0.0214467,0.867855,0.0055124,0.496787,3.25,0.0880458,0.982404,-0.164711,7.24039,-0.488954,0.186685,0.852099,5.45954,0.334743,0.939024,0.0786219,0.552568
10043,4.69565,4.07069,8.99823,2.97249,5,3,B4bXX,0,3.04794,3.57199,0,3.04794,3.57199,1.33227e-15,0.92879,0.363462,0.0358999,0.0628951,0.989511,-0.0907362,0.112407,1.02695,0.142929,0.727879,-0.670644,6.02408,-0.020967,0.679675,0.733213,2.55267,0.980722,0.0968679,0.169709,0.759324
10044,3.87711,1.31392,8.97455,3.02189,5,6,C4b4b,2.80501,1.26535,-3.66481,1.31392,1.76005,-5.09759,3.67411,0.953549,0.274755,0.0616382,0.107025,0.969493,-0.170236,0.176362,4.47792,0.237978,0.82611,-0.510792,-8.07665,-0.0587388,0.537179,0.84142,1.29598,0.912088,0.204617,0.355284,0.611981
10045,2.9845,2.69278,8.22801,0.74171,5,2,C4b2X,-2.77014,0.221602,-2.97626,2.59772,0.0159158,-0.213759,2.59772,0.97016,0.242384,-0.0037323,-0.00497366,0.999923,0.00784119,-0.00965292,0.749428,-0.0114598,0.88245,-0.470266,-7.4495,0.00483078,0.470341,0.882472,-1.25016,0.999671,-0.0153932,-0.0205129,0.48981
10046,2.55175,4.07176,5.2425,1.92329,5,3,C24aX,-0.725525,2.48645,-0.573554,0,1.78102,-0.410832,0.0477289,0.936319,0.3298,-0.081398,0.0889495,0.970925,-0.22026,-0.093758,6.90358,0.11288,0.766639,-0.632078,-1.41628,0.2111,0.603116,0.769212,-0.504457,0.939202,-0.231805,0.253309,0.717597
10047,2.86861,2.91341,9.06474,2.23371,3,2,C4b1X,-2.86861,-2.22045e-16,-8.88178e-16,0.451493,3.33067e-16,-3.55271e-15,0.451493,0.993968,0.107004,0.0225753,0.00827907,0.998844,-0.011627,0.0466499,0.835049,0.0212896,0.976963,-0.212344,5.25503,-0.0431064,0.213092,0.976081,-0.733647,0.975669,0.205842,0.0754888,0.219788
10048,3.15122,3.68969,9.61756,2.31426,3,6,B3aXX,0,-2.31346,2.01629,8.43769e-15,-2.31346,2.01629,-4.44089e-16,0.964204,0.197548,0.0760315,0.159701,0.937429,-0.277929,0.209717,5.42014,0.338009,0.870941,-0.356669,7.83596,-0.0835225,0.405238,0.910388,-2.04357,0.745011,0.286737,0.602279,0.536742
10049,1.09568,4.7491,7.38776,2.33084,5,6,C4b3b,0.840055,0.645279,-0.885511,4.7491,0.757162,-1.03905,5.56739,0.991718,0.0958323,0.061397,0.0595199,0.985376,-0.106286,0.133185,1.73121,0.129822,0.974547,-0.182768,3.3243,-0.110369,0.197386,0.974093,6.25291,0.746143,0.478032,0.463417,0.257585
10050,3.80806,1.65923,9.81752,2.01189,5,5,C4b4b,0,-2.23489,3.08327,1.65923,-2.23489,3.08327,1.65923,0.896823,0.390235,-0.206438,0.0284421,0.913149,-0.212133,-0.348078,5.92965,-0.110103,0.693816,-0.711686,0.54693,0.392474,0.6882,0.610201,0.0612683,0.882106,-0.466642,0.0642919,0.916523
10051,1.05346,4.32717,8.03271,0.548888,5,6,C4b4b,1.79115,0.233873,-1.02717,4.32717,0.444496,-1.95222,5.84642,0.960935,0.27021,0.0537224,0.0265409,0.992819,-0.0219753,0.117591,4.47682,0.0800408,0.852564,-0.516457,-5.92993,-0.0889043,0.522161,0.848201,2.86543,0.976283,0.194102,0.0958934,0.560872
10052,2.81809,0.0945538,6.21313,1.71921,5,5,C4c3c,5.08745,-1.86425,2.11333,-3.55271e-15,-2.01684,2.28631,-5.08222,0.975019,0.0744466,0.0966392,0.185626,0.912408,-0.347588,0.216089,3.20579,0.376366,0.920002,-0.109296,0.224612,-0.160812,0.181051,0.970237,-8.24958,0.33516,0.435072,0.835692,0.447982
10053,2.4386,3.19505,8.97616,4.82841,5,6,C4b4b,1.00271,0.963093,-2.24037,3.19505,1.05163,-2.44633,4.17237,0.990699,0.106476,0.0363396,0.076534,0.985644,-0.143906,0.0883013,5.25845,0.159383,0.965611,-0.205408,-1.95854,-0.0557053,0.216533,0.974685,3.89405,0.782505,0.267066,0.56246,0.272987
10054,4.7332,4.3284,5.61163,3.11597,5,4,C24bX,-4.98042,1.97528,4.30133,4.3284,-0.0878156,-0.191225,3.72411,0.99612,0.0503383,-0.0347032,0.0632985,0.989578,-0.1296,-0.0627644,2.30635,0.122612,0.986919,-0.104679,4.98678,0.0755097,0.0958926,0.992523,3.30439,0.571991,-0.39433,0.719257,0.176239
10055,0.633346,4.73462,6.13776,0.0693313,5,6,C4b4b,2.07193,-0.504439,-0.382973,4.73462,-0.559567,-0.424826,6.8054,0.999378,0.0105099,-0.012985,-0.0310642,0.997733,0.0618169,-0.0266068,2.90345,-0.0623627,0.997849,-0.0202001,-3.57928,0.0253009,0.0218135,0.999442,6.83383,0.297975,-0.368148,-0.880726,0.070557
10056,1.96873,2.18292,7.48215,1.46589,5,5,C4b3b,2.57627,-0.151793,1.96287,-8.88178e-16,-0.283369,3.6643,-1.93003,0.929887,0.353998,-0.0103942,0.0994397,0.980007,-0.192294,0.051072,2.34264,0.177576,0.729595,-0.660422,3.65895,0.0897336,0.656288,0.749155,-4.07048,0.962353,-0.0282569,0.27033,0.753383
10057,1.78192,0.178332,9.98985,2.61774,5,6,C24bX,-5.51571,1.73644,0.399984,0.178332,-3.6385,-0.838118,0.166903,0.999685,0.02339,0.00412931,0.0080579,0.999836,-0.0159176,0.00863298,6.07574,0.0163039,0.998776,-0.0466987,1.51603,-0.00787908,0.0468318,0.998872,-2.20252,0.932566,0.164637,0.321271,0.0501679
10058,3.83351,3.49357,9.01665,3.40961,5,5,C4b3b,0.0279311,2.79225,2.62661,-8.88178e-16,2.79309,2.6274,-0.0279074,0.999643,0.0143538,-0.0147472,-0.017037,0.998985,0.0336385,-0.029973,5.23626,-0.0344852,0.999007,-0.028195,-1.59479,0.0289948,0.0291999,0.999153,-3.48626,0.537265,-0.551988,-0.637695,0.0534394
10059,0.507271,1.22074,5.78638,0.680853,5,5,C4c4c,3.40515,0.08969,-0.499279,0,0.681717,-3.79493,-0.619097,0.991757,0.0458481,0.0200142,-0.117962,0.971369,0.235814,0.0288819,1.68556,-0.232144,0.967966,-0.0956623,-9.39588,-0.0505152,0.0862186,0.994995,-1.87101,0.357821,0.156201,-0.920633,0.256969
10060,2.93506,2.92293,5.84419,2.38177,1,1,AXXXX,0,-1.72881,2.37187,2.84363,-1.72881,2.37187,2.84363,0.95024,0.19484,-0.198195,-0.140716,0.881836,0.190195,-0.4315,2.81201,-0.34466,0.884473,-0.314511,4.7351,0.321831,0.426068,0.845512,5.67973,0.625449,-0.636219,-0.451707,0.633585
10061,2.69088,4.65759,5.08325,1.73773,1,1,AXXXX,0,1.8379,-1.96544,0.843765,1.8379,-1.96544,0.843765,0.990967,0.12529,0.0426579,0.0216106,0.995427,-0.0321415,0.0899604,6.53581,0.05352,0.967671,-0.246474,-0.0110079,-0.07913,0.250161,0.964965,0.0155127,0.934264,0.318091,0.161146,0.269022
10062,3.51593,1.07262,6.66446,3.79604,5,5,C24cX,-1.53049,3.49506,0.382546,0,1.97701,0.21639,0.101479,0.944745,0.319062,0.0414898,0.0627287,0.988687,-0.0920497,0.118423,8.18339,0.145001,0.78853,-0.597659,2.97848,-0.0383659,0.608069,0.792957,-3.04512,0.973325,0.126568,0.191359,0.66796
10063,2.63415,1.25105,9.24,1.28114,6,3,B4bXX,1.72255,2.06304,-1.63787,1.25105,2.96935,-2.35739,2.52701,0.932914,0.225755,0.280476,0.00625619,0.842589,0.114964,0.526144,8.05398,0.13831,0.897991,-0.41771,-0.0485464,-0.520495,0.424729,0.740736,0.217393,0.626925,0.778886,0.0173736,0.736747
10064,1.7198,0.219577,6.79971,0.119316,5,6,C4c4c,0.654008,1.61194,-0.599468,0.219577,1.72003,-0.639668,0.863335,0.999235,0.0390728,-0.00119589,-0.00147536,0.999993,0.00285502,-0.00250524,8.49059,-0.00304192,0.996942,-0.0780823,-0.0141537,0.00227465,0.0780894,0.996944,0.92934,0.998821,-0.0305706,-0.0377148,0.0782579
10065,0.954918,4.6169,7.41824,0.216974,5,6,C4b3b,1.39854,0.637511,-0.710949,4.6169,0.69446,-0.774458,6.01284,0.996554,0.0210764,0.022062,-0.0771364,0.987126,0.154671,0.0407203,5.39985,-0.152811,0.987212,-0.0454111,-1.49786,-0.0472234,0.038604,0.998138,5.78796,0.254081,0.265962,-0.929896,0.166094
10066,2.37974,3.88752,8.78641,0.0349006,5,2,C4c2X,-1.59607,1.91753,1.40934,0.696174,0.631459,0.464109,0.696174,0.998713,0.0356211,0.0102968,-0.0346045,0.997393,0.0698535,0.0181017,7.71853,-0.0683864,0.995067,-0.071863,5.65201,-0.0230323,0.0704378,0.99725,0.941379,0.70233,0.203018,-0.682287,0.10148
10067,1.37448,4.04871,6.1966,0.475214,5,5,C4b4b,5.91779,1.36747,0.138688,8.88178e-16,4.93628,0.500634,-4.70667,0.912011,0.117305,-0.297603,-0.256726,0.691048,0.398453,-0.603065,7.16022,-0.538095,0.840662,-0.0611625,-5.11833,0.482604,0.366772,0.795344,-4.04998,0.285995,-0.725567,-0.625907,0.845273
10068,1.7077,2.28257,8.46232,2.17199,5,6,C23bX,-3.59355,1.30578,-1.10053,2.28257,-1.19539,1.00749,3.77052,0.946062,0.293566,-0.0330847,0.133008,0.962429,-0.271092,0.0154926,4.66672,0.232242,0.792256,-0.564264,-2.94407,0.140693,0.546661,0.825449,-1.21461,0.906108,-0.102118,0.410537,0.659878
10069,0.572295,2.91225,9.40342,1.05432,5,5,C4b4b,2.27931,0.544388,0.176533,-2.22045e-16,1.38889,0.450385,-2.0993,0.967038,0.0911903,-0.176554,-0.15922,0.886956,0.275743,-0.370507,9.71489,-0.340143,0.932667,-0.120147,0.139778,0.31243,0.232591,0.921026,0.0648137,0.358125,-0.693366,-0.625292,0.514936
10070,1.9965,2.26325,6.05783,0.800809,5,6,C4c4c,0.194633,1.86731,-0.706502,2.26325,2.04908,-0.775273,2.27395,0.924861,0.373818,-0.0258542,0.0649822,0.990218,-0.139529,0.000759927,7.95113,0.10087,0.712074,-0.694821,-1.75378,0.0964063,0.6881,0.719183,1.32235,0.982946,-0.067983,0.170869,0.780251
10071,3.92966,4.55113,8.42338,4.33599,5,6,C4b4b,0.017924,-3.43765,-1.90389,4.55113,-3.44187,-1.90623,4.56839,0.955898,0.0947752,-0.0974064,-0.260364,0.845445,0.4793,-0.235573,0.830324,-0.516227,0.846456,-0.130468,-1.08912,0.136869,0.231913,0.963059,5.72411,0.322693,-0.331652,-0.886496,0.596191
10072,3.19205,2.69707,8.5017,2.03308,3,2,C4b1X,-3.19205,8.88178e-16,0,2.57208,5.32907e-15,-4.44089e-16,2.57208,0.998812,0.0439134,-0.0147572,-0.0151017,0.999108,0.0288714,-0.0308057,6.02841,-0.0314636,0.995687,-0.0872767,0.616066,0.028153,0.0881682,0.995708,0.770755,0.901231,-0.302861,-0.309931,0.0974906
10073,4.0398,3.73639,6.93661,4.67091,5,6,C4a3c,0,3.98225,0.679426,3.73639,3.98225,0.679426,3.73639,0.958413,0.272368,0.0851812,-0.00190673,0.985481,0.0500561,0.162239,4.92982,0.0427463,0.851625,-0.522406,3.64936,-0.164316,0.521757,0.83712,5.40614,0.954392,0.29848,-0.00668129,0.578813
10074,3.3592,3.77973,5.14738,2.99853,5,6,C4b4b,3.77552,1.80093,-2.83565,3.77973,2.90981,-4.58163,6.93828,0.94495,0.263404,0.111013,0.159259,0.924625,-0.242501,0.293702,3.71949,0.359466,0.81051,-0.462448,-3.26903,-0.125904,0.533167,0.836589,7.3796,0.80499,0.339267,0.486712,0.666707
10075,1.56495,4.44216,5.52788,0.511166,2,5,B2XXX,-0.220076,1.04605,-0.845262,2.77868,1.21722,-0.983582,2.77868,0.968051,0.0742436,0.220403,0.0937395,0.885271,-0.148762,0.440642,4.66772,0.214216,0.971402,-0.102422,-4.39671,-0.412804,0.185064,0.891821,0.581366,0.296084,0.878967,0.373833,0.506915
10076,3.89231,0.710593,9.68175,1.47301,3,2,C4a1X,-3.89231,0,0,0.149886,-1.77636e-15,4.44089e-16,0.149886,0.918511,0.37566,0.111013,0.0537886,0.969566,-0.0154046,0.244346,5.76307,0.182217,0.711972,-0.678153,2.17368,-0.163521,0.702038,0.693111,0.244972,0.950087,0.280764,0.136037,0.812997
10077,3.8665,2.95204,5.14226,3.08791,5,4,C24bX,-4.3482,3.17173,2.21133,2.95204,-0.300677,-0.209632,1.95796,0.983863,0.088619,-0.0747339,-0.136292,0.951679,0.254939,-0.171212,3.93005,-0.28143,0.947143,-0.154007,2.76516,0.1229,0.194749,0.973123,2.42766,0.495288,-0.417685,-0.761728,0.359786
10078,2.21521,3.23761,6.89355,0.503428,5,5,C4b4b,1.87679,-1.20922,1.85606,-4.44089e-16,-1.53474,2.35571,-1.77952,0.98323,0.141995,0.0758238,0.0857181,0.973806,-0.147028,0.173448,2.80656,0.190094,0.94498,-0.266229,3.94082,-0.124761,0.292227,0.948176,-2.65955,0.778603,0.415765,0.470018,0.366796
10079,1.97119,2.99822,6.36095,0.341174,5,5,C4c4c,1.4893,1.72272,0.958042,0,2.08711,1.16069,-1.42975,0.993711,0.110615,-0.0170746,0.00326328,0.999396,-0.0102629,-0.0332125,8.06141,0.0027081,0.975507,-0.21995,-0.959568,0.0346564,0.219727,0.974946,-2.0545,0.987875,-0.152489,0.0291436,0.224415
10080,1.23036,1.50584,7.88361,0.6304,5,5,C4b4b,0.236054,1.0177,0.691416,-8.32667e-17,1.04028,0.706755,-0.234471,0.995744,0.0359018,-0.0454441,-0.0716864,0.985592,0.1395,-0.0956488,5.91186,-0.146026,0.987144,-0.0649827,-0.603729,0.0853541,0.0780136,0.993292,-0.485754,0.389569,-0.493112,-0.777866,0.184577
10081,0.014139,1.44376,9.50386,4.04308,3,2,C4b1X,-0.014139,-2.66454e-15,-8.88178e-16,1.19246,-1.77636e-15,0,1.19246,0.908702,0.304192,0.0741693,0.276092,0.836544,-0.456648,0.302766,4.6046,0.546895,0.66248,-0.511885,2.29003,0.0331746,0.593795,0.803932,0.916463,0.728699,0.177674,0.661385,0.861265
10082,1.03628,2.68057,9.97098,3.33954,5,5,C24bX,-2.76919,0.629137,0.82345,0,-1.03512,-1.35482,-0.392206,0.99701,0.0423812,-0.0605909,0.0224609,0.991649,-0.0499234,-0.118915,5.22059,0.0396517,0.995399,-0.0872307,6.68155,0.122723,0.081787,0.989065,-1.16959,0.548424,-0.784062,0.290651,0.154711
10083,3.36824,1.73598,6.61926,2.66257,1,1,AXXXX,0,-0.0421003,3.36798,0.649943,-0.0421003,3.36798,0.649943,0.995413,0.00167694,-0.0955215,-0.00503122,0.981701,0.00969592,-0.190184,6.85697,-0.0103367,0.999944,-0.00237733,2.45589,0.19015,0.00429968,0.981746,-0.495475,0.0175287,-0.998462,-0.0525901,0.19163
10084,3.46685,1.1818,7.22049,3.26543,5,3,C4a4a,0,2.56386,-2.33359,0,2.56386,-2.33359,-4.44089e-16,0.919229,0.0593816,-0.333789,0.20019,0.697018,-0.407683,-0.589882,6.1793,0.328399,0.912796,-0.242813,-2.17632,0.637432,-0.0244718,0.770118,2.81888,0.150821,-0.847777,0.508455,0.809355
10085,4.39506,2.6063,9.93322,1.4214,5,6,C4b3b,1.51949,2.99988,-3.21206,2.6063,3.13704,-3.35893,4.11244,0.997539,0.0494588,0.0441122,0.0228812,0.995061,-0.0412863,0.0902707,8.1649,0.0500132,0.994061,-0.0966556,-2.25714,-0.085744,0.100693,0.991216,3.76199,0.705432,0.629173,0.326355,0.140338
10086,2.13277,3.00203,5.51695,4.83847,5,5,C4b3b,2.25327,0.537837,2.06384,2.66454e-15,0.819622,3.14514,-1.95668,0.964785,0.243908,-0.0795032,0.0581175,0.980603,-0.150925,-0.125056,4.58996,0.0733588,0.874262,-0.479879,2.49663,0.181758,0.461397,0.868376,-7.34395,0.92727,-0.302248,0.220946,0.532342
10087,3.72504,4.79377,9.85021,0.442642,5,6,C3b3b,3.81082,-0.0176206,-3.725,4.79377,-0.0213654,-4.51664,8.52145,0.993964,0.104363,-0.00401991,0.0335781,0.997713,-0.06759,-0.000982669,1.50583,0.0659119,0.975962,-0.207736,-0.576586,0.0149999,0.207196,0.978184,9.35973,0.951302,-0.0366428,0.306076,0.219853
10088,3.89195,0.368189,8.11396,2.30744,5,3,C4a4a,0,3.78067,-0.924046,0.368189,3.78067,-0.924046,0.368189,0.943989,0.188139,-0.269165,-0.032233,0.853022,-0.040426,-0.520307,9.01079,-0.162136,0.927129,-0.337851,-1.64019,0.49605,0.372555,0.784307,0.587332,0.570157,-0.815708,-0.0976822,0.67256
10089,0.35661,2.37582,9.81276,1.92255,5,5,C4b3b,0.404584,-0.303323,0.187526,-4.44089e-16,-0.484549,0.299566,-0.343937,0.89574,0.218885,0.164438,0.350284,0.700523,-0.555541,0.447931,1.88647,0.699513,0.658782,-0.276928,4.55873,-0.141244,0.507327,0.850099,-2.46735,0.492343,0.369875,0.787903,0.921405
10090,4.64339,4.10463,5.44827,4.84197,5,2,C4b2X,-3.6603,0.0634074,-4.64296,0.423818,0.0134244,-0.982992,0.423818,0.999834,0.0129059,-0.0122774,-0.00395658,0.999667,0.00759495,-0.0246528,0.0912557,-0.00822875,0.999636,-0.0257103,-6.42896,0.0244486,0.0259046,0.999365,0.285631,0.70729,-0.672847,-0.216836,0.0364959
10091,3.60911,4.36014,6.75253,1.42575,5,5,C4b4b,0.0596511,1.08769,3.44131,-1.66533e-16,1.10274,3.48891,-0.0326501,0.87853,0.460103,-0.120952,-0.0431424,0.967019,-0.0354971,-0.25222,7.29426,-0.187105,0.572888,-0.797992,3.55471,0.17282,0.818865,0.547352,0.311534,0.963188,-0.253203,-0.0903152,0.996042
10092,1.81864,0.496426,9.6271,1.32312,5,5,C4b4b,4.29349,1.77541,0.394156,8.88178e-16,4.79426,1.06436,-2.9785,0.902716,0.00897519,-0.391226,0.17879,0.629953,-0.329816,-0.703122,6.62796,0.315771,0.935907,-0.156099,-3.74014,0.70954,-0.123691,0.693724,-4.10832,0.020861,-0.909325,0.415562,0.889511
10093,0.0584035,0.883502,9.43172,3.19599,5,5,C4b4b,4.78179,-0.00185816,0.0583739,-8.88178e-16,-0.113875,3.57737,-3.23569,0.915394,0.401505,0.021434,-0.0196951,0.998305,0.0532693,0.0234257,3.34156,-0.0188458,0.676811,-0.735915,3.75666,-0.0550565,0.734227,0.676668,-7.88346,0.997382,0.0532444,-0.0489248,0.828622
10094,1.11489,2.26341,5.56456,4.30392,5,2,C4c2X,2.94891,1.09501,-0.209608,0.830841,3.99133,-0.764027,0.830841,0.9956,0.0252894,0.0827252,-0.0360325,0.983716,0.0759321,0.1629,9.38103,-0.0675638,0.996124,-0.0563178,-1.77152,-0.166545,0.0443946,0.985034,-0.118081,0.269872,0.882789,-0.384516,0.187693
10095,1.23584,4.58697,6.80082,3.1394,1,1,AXXXX,0,1.08467,0.592282,3.75844,1.08467,0.592282,3.75844,0.94764,0.278472,0.155973,-0.010198,0.951137,0.106196,0.289933,6.63369,0.0675399,0.844699,-0.530963,1.67353,-0.301292,0.524601,0.796252,-0.84892,0.872023,0.488423,-0.0319347,0.650066
10096,3.09735,2.60059,8.46846,4.47677,5,5,C24bX,-5.37302,2.98102,0.840875,0,-2.02914,-0.572372,-1.33053,0.986087,0.0840317,-0.100554,-0.102278,0.958856,0.184811,-0.215499,6.57651,-0.21861,0.964956,-0.145156,2.13268,0.181121,0.186294,0.965655,-2.41089,0.505507,-0.6049,-0.615271,0.334016
10097,3.18953,1.21764,5.91001,0.122877,5,6,C4c4c,0.109674,1.1024,-2.99296,1.21764,1.10282,-2.99409,1.32731,0.997375,0.0274617,-0.0484399,-0.0462881,0.991022,0.0896728,-0.0991678,6.57956,-0.0949937,0.994207,-0.0502948,-0.871354,0.0940832,0.0592636,0.993799,1.98124,0.379254,-0.66897,-0.639254,0.144946
10098,3.72577,2.61873,7.65276,1.23495,5,3,C24aX,-2.21694,3.72565,-0.0299027,0,1.51455,-0.0121561,-0.1598,0.971711,0.224237,-0.0481121,0.0563952,0.98901,-0.131177,-0.0682104,9.20691,0.0880226,0.893075,-0.441214,0.313062,0.118794,0.430361,0.894806,-0.391979,0.949463,-0.203716,0.238788,0.47685
10099,0.462469,4.70621,7.31721,4.40363,1,1,AXXXX,0,-0.455162,0.0818851,1.75922,-0.455162,0.0818851,1.75922,0.957304,0.283548,-0.0548698,0.0125888,0.993662,-0.0552192,-0.0979152,4.58063,-0.00701378,0.838884,-0.544265,-4.18601,0.112193,0.541502,0.83318,-1.52564,0.980855,-0.189807,0.0435476,0.586537
10100,4.37966,4.85909,7.57424,3.2688,2,4,B1XXX,-4.37966,2.22045e-16,1.77636e-15,1.36846,4.44089e-16,8.88178e-16,1.36846,0.932296,0.297817,-0.205196,0.00496688,0.91574,-0.131483,-0.379648,1.28941,-0.11296,0.822561,-0.557345,6.38336,0.385565,0.553268,0.7384,2.4227,0.823387,-0.567314,0.0137322,0.740175
10101,4.32097,2.92144,7.66856,0.498147,3,6,B3aXX,0,-0.729849,4.23301,-2.66454e-14,-0.729849,4.23301,4.44089e-16,0.977264,0.211993,-0.00262869,-0.00265721,0.999972,0.00407906,-0.00626446,4.30707,-0.00630811,0.910104,-0.414332,-0.838748,0.00401122,0.41436,0.910104,-2.82164,0.999845,-0.0123979,-0.0125325,0.427295
10102,3.92071,3.5265,5.69422,1.16283,5,5,C4a4c,0,-0.218114,-3.91464,-1.11022e-16,-0.218114,-3.91464,-4.996e-16,0.996506,0.0580734,0.0600297,-0.000156657,0.992793,0.00728448,0.119622,0.1741,0.00666004,0.993255,-0.11576,-7.18482,-0.119658,0.115722,0.986048,-1.61077,0.695297,0.71872,-0.00187562,0.167241
10103,3.8795,2.78454,9.62756,1.45716,5,6,C4b3b,0.497556,1.08685,-3.72415,2.78454,1.17334,-4.02054,3.17471,0.943061,0.319951,0.0744735,0.0521653,0.983465,-0.0507344,0.173847,3.05066,0.146046,0.78982,-0.595697,-3.14827,-0.107085,0.611236,0.78417,3.42113,0.961911,0.2239,0.156831,0.678161
10104,4.69825,3.6077,8.94133,3.63423,5,2,C22XX,-8.09925,4.55236,1.16168,0,-3.13519,-0.800045,1.62818,0.981853,0.101262,0.113692,0.113074,0.948577,-0.199018,0.246158,5.08937,0.245069,0.953921,-0.173137,1.55012,-0.200358,0.224559,0.95364,-1.18535,0.533953,0.599497,0.596236,0.381603
10105,4.33661,4.27324,5.70898,1.95025,5,4,C3b4b,3.16407,-2.85228,-0.628873,4.27324,-2.85228,-0.628873,7.43731,0.997001,0.0259966,-0.0297677,-0.066533,0.989374,0.131119,-0.062816,1.67407,-0.134215,0.989795,-0.0478762,2.82096,0.0558975,0.0557984,0.996876,7.88821,0.335935,-0.384665,-0.859756,0.154927
10106,1.53882,1.33542,5.15827,0.175195,5,5,C4c4c,1.24485,1.53276,-0.136412,0,2.76209,-0.24582,-0.162574,0.959222,0.272671,-0.053487,0.0518017,0.988911,-0.128547,-0.0743621,7.86464,0.07021,0.845934,-0.528646,-0.989168,0.130862,0.517563,0.845579,-0.385765,0.964678,-0.189231,0.183268,0.573122
10107,0.40192,3.31626,7.34092,4.32437,5,5,C24bX,-2.80964,0.083191,0.393216,0,-0.49821,-2.35487,-0.0634699,0.999543,0.00902934,-0.0107855,0.0267523,0.998336,-0.0536749,-0.021078,1.09171,0.0532854,0.998406,-0.0186275,4.88786,0.0220442,0.0174734,0.999604,-3.25798,0.298739,-0.356841,0.88511,0.0604589
10108,0.412885,3.84537,5.71145,4.94771,5,5,C4b3b,0.46755,0.116765,0.39603,4.44089e-16,0.172435,0.584847,-0.42409,0.974981,0.209848,-0.0494002,-0.0541817,0.989248,0.0849193,-0.119068,5.79382,-0.126385,0.906056,-0.403842,3.65543,0.0735886,0.414549,0.907047,-3.7738,0.944034,-0.222235,-0.243745,0.448322
10109,4.4521,0.177596,6.56245,0.787773,5,5,C4c4c,1.46846,4.11486,1.69974,4.44089e-16,4.25992,1.75966,-1.46005,0.997359,0.0671965,-0.0174977,-0.021272,0.998483,0.0400801,-0.0377617,7.9206,-0.0447832,0.990064,-0.133294,-3.56953,0.0320441,0.134783,0.990357,-2.83318,0.925284,-0.24094,-0.292911,0.145373
10110,1.89937,1.7016,9.69482,2.53809,5,5,C4b3b,2.14382,0.0772403,1.8978,8.88178e-16,0.101044,2.48266,-2.06236,0.986899,0.136752,-0.0172453,0.083857,0.985341,-0.170234,-0.0111035,2.00701,0.1608,0.948534,-0.272813,0.628922,0.056974,0.267029,0.962003,-5.20439,0.847603,-0.106888,0.519754,0.324096
10111,0.531359,4.44174,6.28337,4.53523,1,1,AXXXX,0.711143,0.497893,-0.185593,3.09608,1.16425,-0.433981,3.09608,0.962783,0.249137,-0.0707487,-0.0772956,0.97804,0.113585,-0.174746,7.74792,-0.18409,0.863912,-0.468793,-0.761354,0.0977168,0.490667,0.865851,-0.352752,0.921787,-0.261764,-0.285987,0.54736
10112,3.70225,1.87487,7.23438,2.79099,5,5,C4b4b,2.03462,0.448631,3.67497,1.77636e-15,0.450153,3.68743,-2.03458,0.99973,0.00305313,-0.00044436,0.0230487,0.998937,-0.0460876,-0.000747738,1.22683,0.0460821,0.998919,-0.0061251,-3.46991,0.00102922,0.00608413,0.999981,-4.86888,0.131294,-0.0191088,0.991159,0.0465127
10113,4.84605,0.845884,6.48186,0.184088,5,5,C4c4c,1.04974,4.78785,0.748758,0,4.97254,0.77764,-1.03296,0.994686,0.0700126,-0.0754168,-0.00327286,0.988603,-0.00404932,-0.15049,6.50165,-0.0170712,0.990175,-0.138788,-5.46792,0.149574,0.139775,0.978821,-1.8715,0.680017,-0.732507,-0.0317886,0.20628
10114,3.6845,3.82462,5.01105,2.68515,5,2,C4a2X,-3.03343,3.66548,-0.373918,0.17734,0.647709,-0.0660732,0.17734,0.927023,0.368064,-0.0251377,-0.0672748,0.989684,0.106226,-0.0961292,5.62179,-0.143235,0.720006,-0.679025,-0.665756,-0.00291646,0.685789,0.727794,0.274834,0.98149,-0.0670329,-0.179397,0.768804
10115,2.63413,4.94741,6.97658,2.66626,5,5,C24bX,-3.18328,2.39285,1.10134,0,-0.36776,-0.169267,-0.947559,0.948022,0.248221,0.00844941,-0.198922,0.920717,0.38136,-0.0827327,5.88062,-0.37297,0.797633,-0.473998,3.75068,-0.114774,0.467275,0.87663,-0.970397,0.780063,0.0265533,-0.625137,0.647672
10116,0.15162,1.93733,9.03074,2.8419,5,6,C4b4b,6.78114,-0.000780626,-0.151618,1.93733,-0.0153069,-2.973,8.10365,0.977018,0.212913,0.00111715,-0.0101569,0.999791,0.0203227,-0.00214216,0.9207,-0.0193713,0.909129,-0.416063,-1.475,-0.00650804,0.416018,0.909333,8.79126,0.99885,0.00524092,-0.0476497,0.429613
10117,0.10354,2.81581,7.06866,4.74354,3,2,C4b1X,-0.10354,-8.88178e-16,0,0.790299,0,-8.88178e-16,0.790299,0.999,0.0381034,0.0217052,0.0086661,0.998908,-0.0156608,0.0440275,4.84608,0.018969,0.996946,-0.0757544,-2.51971,-0.0427067,0.0765068,0.996154,-4.37736,0.852425,0.485576,0.193873,0.0894297
10118,2.12387,2.48923,7.56471,2.19462,5,5,C4b4b,2.61129,0.32919,2.0982,8.88178e-16,0.619806,3.95054,-1.81748,0.920155,0.387239,-0.0451924,-0.0363137,0.993278,0.031828,-0.111292,1.98544,-0.101829,0.697455,-0.709357,4.34868,0.0550438,0.715922,0.696008,-4.34649,0.988978,-0.115418,-0.0927425,0.804641
10119,2.54185,2.98476,8.17623,2.72443,5,5,C4b3b,2.04262,-0.0853685,2.54041,0,-0.0998751,2.97211,-1.99643,0.994328,0.106265,0.00382209,-0.00234713,0.99996,0.00547994,0.00710198,2.12095,-0.00385532,0.977405,-0.211342,2.7987,-0.00809965,0.211306,0.977386,-4.83753,0.99911,0.0359356,-0.0220679,0.213122
10120,3.96283,3.06523,9.30879,2.21394,5,2,C4b2X,-3.40911,3.95537,0.243094,1.80621,0.552673,0.0339669,1.80621,0.987144,0.0143968,-0.0281057,0.156684,0.94932,-0.310149,-0.0509771,9.94469,0.308531,0.950485,-0.0372309,0.669785,0.0600001,0.019616,0.998006,0.091292,0.0900731,-0.175842,0.980289,0.321047
10121,4.86573,3.06627,7.59524,3.61188,3,2,C4b1X,-4.86573,1.77636e-15,2.77556e-17,2.03063,2.66454e-15,1.30451e-15,2.03063,0.989941,0.0514138,-0.0423704,0.124814,0.965252,-0.251474,-0.0710539,7.42391,0.242761,0.963556,-0.11237,-0.180371,0.0967226,0.0912164,0.991123,-1.10183,0.363394,-0.299475,0.88219,0.283917
10122,0.251316,2.39728,5.10432,1.95144,5,2,C4c2X,1.30449,0.240535,0.0728216,1.89995,1.48906,0.450813,1.89995,0.999633,0.0163892,-0.021446,0.00246453,0.999068,-0.00563022,-0.0427954,6.45311,0.00422429,0.999451,-0.0328721,1.9874,0.042957,0.0326607,0.998543,0.208995,0.604685,-0.791257,0.0909297,0.054214
10123,3.81339,0.238709,6.63048,4.10921,6,3,B4bXX,0,2.29,-3.04924,0.238709,2.29,-3.04924,0.238709,0.87941,0.36484,0.0438475,0.302668,0.812939,-0.500343,0.29797,6.59027,0.564332,0.550568,-0.615146,-0.756434,0.143731,0.668231,0.729938,0.415514,0.766365,0.0921037,0.635768,0.992352
10124,1.14992,2.46916,7.89351,1.69535,5,2,C4b2X,-0.423874,1.149,0.0460162,1.00288,0.725463,0.0290541,1.00288,0.998213,0.0180771,-0.0565973,-0.0063876,0.993512,0.0107061,-0.113223,8.75381,-0.0147986,0.999265,-0.0353666,0.37479,0.112761,0.0368127,0.99294,0.223246,0.302514,-0.947132,-0.106894,0.119584
10125,3.63072,2.35337,8.73318,1.05802,5,5,C4c4b,1.64571,2.2849,2.82159,8.88178e-16,3.12109,3.85418,-0.971027,0.890021,0.368365,-0.263229,-0.0536749,0.855659,-0.098385,-0.508102,6.15171,-0.289472,0.722853,-0.627447,-1.5106,0.429015,0.683962,0.590036,-5.85933,0.807959,-0.577358,-0.117729,0.946811
10126,3.96877,1.3806,8.45251,3.96497,5,6,C24cX,-4.10028,3.30117,-2.20305,1.3806,-0.108446,0.0723717,1.4772,0.95397,0.222825,-0.0822264,-0.183109,0.91942,0.312716,-0.238486,6.97808,-0.386005,0.83364,-0.395024,-4.52254,0.0752806,0.45525,0.887175,1.06304,0.742994,-0.274178,-0.610562,0.609179
10127,4.09687,1.81057,8.19344,1.90217,3,2,C4b1X,-4.09687,2.66454e-15,-2.22045e-16,0.804125,1.77636e-15,-1.88738e-15,0.804125,0.994224,0.0244172,0.0716907,-0.0760467,0.978155,0.154716,0.13884,7.32537,-0.147714,0.987241,-0.059456,-0.319143,-0.146267,0.0376486,0.988528,-0.243923,0.227505,0.667972,-0.708558,0.215066
10128,1.17623,4.70419,9.72348,4.12947,5,5,C24bX,-5.69311,1.17044,-0.116519,0,-4.30015,0.428085,-1.47904,0.951476,0.0449134,-0.155695,0.261601,0.814648,-0.511799,-0.272781,5.23084,0.483828,0.859096,-0.166928,-0.38729,0.319779,0.00400822,0.947484,0.395611,0.145954,-0.505959,0.850119,0.625596
10129,1.88315,1.51112,8.15176,1.41569,5,5,C4b4b,2.5606,0.938158,1.63283,0,1.54519,2.68935,-2.25209,0.939759,0.236314,-0.0663008,-0.237933,0.877984,0.415864,-0.237067,7.0505,-0.478535,0.775087,-0.412607,-2.00755,0.0121597,0.475707,0.87952,-4.58125,0.691308,-0.193955,-0.696043,0.697741
10130,3.79886,0.825076,8.04678,0.0587265,5,4,C4b4b,0.1348,-1.19671,2.45915,0.825076,-1.19671,2.45915,0.959876,0.999726,0.0112894,-0.014371,-0.0146489,0.999158,0.0289654,-0.0290649,5.19896,-0.0296143,0.999316,-0.0221515,7.33354,0.0284034,0.0229936,0.999332,1.25394,0.482008,-0.613582,-0.625448,0.0468473
10131,3.28049,0.494288,7.06947,4.17525,5,4,C24aX,-1.8771,1.51061,2.91199,0.494288,0.660185,1.27263,0.158464,0.970891,0.180417,0.15573,0.0238302,0.950361,0.00991941,0.310992,2.80559,0.102465,0.933764,-0.342908,8.6127,-0.293794,0.357752,0.886396,-1.59072,0.753243,0.650174,0.0994914,0.483742
10132,0.403976,1.06323,5.07403,0.187032,5,6,C4b3b,2.02369,0.301809,-0.268529,1.06323,0.700836,-0.623556,3.01516,0.967488,0.10798,0.0779027,0.21503,0.895386,-0.399255,0.197178,4.23226,0.432903,0.884205,-0.175435,-2.11442,-0.104302,0.242441,0.964543,2.02208,0.426939,0.308018,0.850205,0.511386
10133,3.72028,1.6334,6.33784,2.66323,5,2,B2XXX,-6.0291,1.74959,3.2832,0,-0.537569,-1.00877,-3.56341,0.912173,0.366429,0.167132,-0.0757438,0.93266,0.260667,0.249397,1.28638,-0.0156988,0.719985,-0.693812,5.11746,-0.360416,0.643175,0.675593,-1.38961,0.894154,0.407832,-0.184829,0.844482
